352,445,864,445,864,477,352,477,Thuy Lâm, Đông Anh, Hlà Nội
384,155,752,155,752,204,384,204,SỔổ_:zủ___ÍẠ_V_,\dỄj_3W“j
320,30,896,30,896,61,320,61,'CÔNG HÒA XÃ HỘI CHỦ NGHĨA VIỆT NAM.
336,108,896,108,896,146,336,146,GIẦY CHỨNG MINEH NHÂN BẰN
336,375,432,375,432,403,336,403,_’Ĩ:y—ị"-mg@
672,498,864,498,864,528,672,528,“"Đào Thuúc
368,326,432,326,432,358,368,358,—Ju,“Ĩ.Ề\ỈỊẨ
288,348,448,348,448,383,288,383,_Sinhngày..
320,320,368,320,368,338,320,338,L
528,204,608,204,608,230,528,230,ffl'Ỉ…,,
288,508,608,508,608,538,288,538,- Nơi ĐKHK thường trú:...
416,67,800,67,800,94,416,94,-"Độc lập - Tươo - Hạanh phúc -
320,273,432,273,432,313,320,313,=
288,401,496,401,496,432,288,432,_Nguyên quán:.
288,244,416,244,416,271,288,271,:Ho tên; z
448,147,544,147,544,168,448,168,m_______
352,211,848,211,848,262,352,262,„ ¬ ĐINH VĂN HOẠT
560,268,688,268,688,319,560,319,==
416,479,560,479,560,503,416,503,W.ị___
336,547,880,547,880,578,336,578,''Thuy Lâm, Đông Anh, Hà Nội .
576,338,784,338,784,368,576,368,.05-09-1972.
