96,395,176,395,176,422,96,422,(ĐIỆN LIÊN
64,370,192,370,192,400,64,400,TZ eẠ
624,47,704,47,704,64,624,64,TU M
672,58,720,58,720,73,672,73,53|
336,300,448,300,448,315,336,315,—T 1278
624,437,736,437,736,461,624,461,ID345QV19019
448,57,624,57,624,72,448,72,[DAn nga, 2070222012 ]
608,246,736,246,736,260,608,260,[PAZZO20292316.1]
0,145,304,145,304,161,0,161,DĐjach: TÔC6-2 KCN Quê Võ- Bác Ninh ¡
256,50,352,50,352,68,256,68,EE
512,316,688,316,688,335,512,335,[14758400 | uacá
304,487,368,487,368,500,304,500,36400 —]
0,127,272,127,272,143,0,143,—._……,..….…
304,295,336,295,336,308,304,308,W7;
608,283,736,283,736,301,608,301,_PẠzwzmmm
432,170,720,170,720,187,432,187,mz;_z-..:u….
0,108,624,108,624,132,0,132,fflẹun…›rỉuỳl.ỉỉmwzis""m'MẢs"1""u'ẩu'omm«…amsu'a…-anm.zzluls
80,461,192,461,192,487,80,487,à N. ⁄
512,298,704,298,704,321,512,321,_-_—mumI_____.Im._..k.ì……_…
0,166,80,166,80,180,0,180,[Điện thoại: |
304,38,480,38,480,53,304,53,L Giao khách hàng). |
0,546,592,546,592,566,0,566,[ 5 ế viới báng chủ.. Nămrnươi ba triệu bẫy trăm mười hai nghĩa năm trăm gáu mươi đồng.
608,381,704,381,704,396,608,396,[05DKOOO04.- |
624,353,656,353,656,366,624,366,n
0,355,224,355,224,373,0,373,WJ..……....I
0,70,64,70,64,85,0,85,[Công ty-
112,484,176,484,176,515,112,515,.,-._ụmJ/.,.-.
208,491,256,491,256,505,208,505,[Cong ]
64,36,160,36,160,48,64,48,n a 00
512,488,688,488,688,505,512,505,[48579600 | vau 01i
0,92,384,92,384,110,0,110,[Dĩs cm: Số 3 đường Lê Văn Thính Ð Suá THog TP B n
512,339,688,339,688,358,512,358,Í_W"'ý_mẠ_'!._'-'l
0,188,576,188,576,212,0,212,_BOCSCM'sỔmMChĩsócũMthànDw'JnnàngTTDưng\áThanrhlỳ›Aỳn
528,78,720,78,720,98,528,98,_______ffll'_l\lllllllll\llllJ_’\IÌIHHIẨ\
608,228,688,228,688,242,608,242,[TMaxn —]
0,77,192,77,192,94,0,94,A ISH TỰC Bắc Nmm
0,273,368,273,368,290,0,290,TD | 103111 102881 4001092007
512,527,688,527,688,548,512,548,(0253712360.113937092 |
304,317,448,317,448,332,304,332,NH NH NHE XH
608,29,768,29,768,43,608,43,[-TT3U SỐ-UTGTRKT27001]
608,269,688,269,688,282,608,282,[-W5TToan]
368,586,736,586,736,601,368,601,L 1 1a D020 1702 phAO Th0g ) N TaL 04/0275.0042.051 2500218495
608,368,688,368,688,380,608,380,L GI
608,398,688,398,688,413,608,413,[ Cấp ĐA1 |
608,414,688,414,688,429,608,429,[ S0GG5 1
48,470,112,470,112,498,48,498,__m".\ý`I\VV_ỀVI_’Ị.Ỉ
304,336,464,336,464,354,304,354,É’Ẻ.Iằll
224,10,544,10,544,34,224,34,[ HOA ĐƠN GTGT (TIỀN ĐIỆN)
64,410,240,410,240,441,64,441,/ GUE 6 À /
0,235,368,235,368,250,0,250,LBT L 1524747 12422 400 20800
208,167,368,167,368,181,208,181,[D.MSL 2200274722
192,528,400,528,400,545,192,545,[TTông công tiện thanh toán —
0,583,288,583,288,603,0,603,MW…Ắ....
512,508,688,508,688,524,512,524,— 42082900 1 IDHĐ I
304,51,448,51,448,74,304,74,_.….……….
192,510,464,510,464,525,192,525,L-] Thuê suât 1O T 1096 Thư Q1G L
64,441,192,441,192,463,64,463,E3UIIIZII ÿ
0,16,160,16,160,40,0,40,[Ÿ-) EVNNPC
0,254,368,254,368,271,0,271,LCD - 5152 7 25 136 1 — 4000 G 400 -
